-7.093603252298730411e+01 7.374950232943874084e+01
4.098755094687301437e+01 3.284117431281469379e+01
8.005657406236190354e+01 3.559521478655752702e+01
-2.287410217084941877e+01 3.551249171725009433e+02
-3.463821171881788530e+01 3.014974650045088538e+02
-9.835803822745035063e+01 6.645009349150707578e+01
2.018438629616905544e+01 -6.890823215161375970e+01
-7.913667985848414332e+01 5.276870908421386730e+00
-2.194739480710322965e+01 -3.804822507573116042e+01
4.430879386191280673e+02 -1.724313098442213175e+02
5.422757739636634824e+02 1.982976413692875894e+02
2.401782120930472075e+01 1.382138902842775110e+02
1.554583926961850970e+01 1.058633640118942481e+02
-5.801596240285284978e+01 -1.027634655943947308e+02
8.933869260418193790e+02 -1.323324480262050429e+02
2.821571897588552815e+02 -5.947395561436171647e+02
5.120633064117922117e+01 -2.295020308585620228e+02
1.697034027977500159e+02 -3.120017704440471675e+02
8.039778577961570249e+01 8.545458616609772662e+01
-1.866377442719725011e+01 3.417344307936838277e+01
5.393297007282799882e+01 -7.171117821361609401e+01
2.446900053952905196e+01 7.470678501871248045e+00
-8.651641226169628851e+01 -9.978064132641019057e+01
-2.995198205634279134e+02 -2.011199783591094814e+01
-5.113689909469637485e+01 1.423301432766921266e+02
-2.885629209563036213e+01 1.912442684658451242e+02
-5.034559135950086528e+01 1.423224977870982122e-01
-7.947033425061093226e+01 1.075568672222098741e+02
6.451137530768335182e+01 1.786544823760828535e+02
-1.106190699667251387e+01 -1.110921512614481088e+02
-5.385434926163114255e+01 4.393425818310884523e+01
4.964462426790949507e+02 5.376814355849483036e+02
6.629051142872420144e+00 8.309263364263622975e+01
1.152832633550551655e+01 3.492654569871861270e+01
6.362677638991283402e+02 8.528279946449896443e+01
5.458972517081220843e+01 -1.358375499308253254e+01
4.665784466602429603e+01 1.139547820735968600e+02
4.848155874362570472e+01 8.230153832714481155e+01
1.310417720913272035e+02 4.260101821795748123e+01
-1.360088910743766277e+01 -2.613195888535076961e+02
9.752549757725215329e+01 -7.376372340546646456e+01
-3.775182773165369099e+01 1.979665954957321006e+01
-1.032806748051443293e+02 2.419426755140410279e+01
-1.770371353659464475e+01 9.686875904127512626e+01
1.754514815656745270e+02 -9.882329736854751445e+01
-9.946824274713044360e+02 -3.620652281620471769e+01
-4.702975149032733526e+01 -2.826046271468653970e+01
1.599084365677866515e+02 2.129990731963050337e+02
-3.554688142136893134e+02 5.549299112857058844e+02
-2.014844915509564487e+02 -1.040240412607171834e+02
1.824907356513846324e+01 -9.808778904306481650e+01
-1.005816633300569940e+01 6.273913671529026459e+01
-6.507790418048035690e+02 -2.649751624939754038e+02
-1.755107210935460671e+02 3.395246903020058227e+01
-4.383316598955889987e+01 8.722152717409078093e+01
1.441109402188973831e+02 -1.495986718337010473e+02
1.212166323389692479e+02 -1.154513933811417843e+02
-6.706331726849064090e+00 1.533417473001701126e+02
-1.089244098819659428e+02 2.697524012411087142e+02
-7.406690824166912535e+01 -3.558435759535313281e+01
-4.774122175108002608e+01 1.135328156387835463e+02
9.583473797327005173e+01 1.432732978111944533e+02
-7.868280589325145513e+01 3.606182269812174468e+01
-4.650168384703185325e+02 -3.966651229595292989e+02
1.192236826057666974e+02 1.268147152002677913e+01
9.438320948993611736e+00 -4.080753345620804140e+01
-4.733041667646173067e+01 -2.884841939802948900e+02
-4.677809160163047153e+00 7.757630765418843666e+00
2.230982554421469288e+01 6.431105364723275386e+01
-8.175248491275357310e+01 -1.592717429832899541e+02
-5.984785493171585813e+01 -6.508872221351835208e+01
-9.903694588910151708e+01 -5.625253570327230790e+01
-1.089685012538116098e+02 -1.737926918988086200e+01
5.546500918555619819e+01 5.604257769247187326e+01
1.675107787013353899e+01 -4.524769701090053786e+02
9.719701309648871757e+01 6.133311768082563020e+01
-4.615777835493926204e+02 -6.866855133718672732e+01
-1.249448740574012362e+01 -6.264682433588561139e+01
-1.273400364839761920e+02 4.750990984351084734e+01
1.959505667201613903e+02 -4.155032013222955101e+01
4.131703400513607072e+00 5.358083295726568167e+02
2.605177137401076592e+00 -1.470752469864247018e+02
7.034812327241810692e+01 -3.925569782009353759e+01
6.379112146059012645e+01 -1.020940634299272745e+02
-1.760914015953820240e+02 -1.549784939446199132e+02
4.063982636224734790e+01 -4.659809742323326986e+01
-1.355880908659992734e+01 1.220042463995516044e+02
-1.121068303505548727e+02 1.014651692983969866e+02
-1.475775342333788558e+02 2.885699351067976863e+02
9.723368986229115762e+01 -4.357442447159298382e+01
9.059092490607392278e+01 -4.855538488487423088e+00
-3.795310054589893412e+01 -1.394986958180803640e+02
-3.119356309006077055e+01 -8.327330810953100126e+01
5.787378170202823924e+01 1.430994402913942487e+01
-3.588720443399041216e+01 6.468375206210241402e+01
1.070240312577282822e+02 -1.858709883930162832e+01
2.933282530866539517e+01 -1.871362842231859958e+01
-1.057143129232241279e+02 1.376534869647412620e+02
-5.531851615774335817e-01 -1.691409826623154444e+01
-2.202407707898108313e+01 -8.278710115429765537e+00
