-2.586989597689028386e+01 -4.779622992229543854e+01
2.711350740633655931e+01 4.334418322966070747e+01
1.810739583418001430e+01 -1.502573561189716322e+01
-5.176256942836792518e+01 2.824425140924620337e+01
-5.796006954475541306e+01 -2.630540895902156606e+01
6.119185888256242123e+01 5.233758268157540527e+01
4.905348028953218886e+01 -2.739970951382214537e+01
6.480292987677795224e+01 -4.129824134746082365e+01
-8.244297421790019342e+00 -1.991881170550639268e+01
3.965105049036338158e+01 -4.466931763990181992e+01
2.296942972353117796e+01 -1.868643059544538687e+01
2.311231296288066162e+01 5.224971034278900817e+01
-1.638425136986560560e+01 -1.571539047530482236e+00
-3.443430080763301504e+01 3.130543281382487919e+01
3.288795371739240636e+01 -4.092586876783395411e+01
-2.890079076176904493e+01 2.058760589532334606e+01
-7.130345277542380344e+00 6.163225128035868750e+01
-2.010493245111132410e+01 2.327040010106887280e+01
-2.977180485189484926e+01 3.837101267355890144e+01
2.187149095159883316e+01 2.897675231929793682e+01
4.206961154461368579e+01 5.120031563473492042e+01
-2.972813596499036137e+01 6.471445497886966791e+01
1.487073409922454381e+01 1.016084884819577638e+01
-2.237550619344197145e+01 8.473498040594803271e+00
3.112143888314704654e+01 1.316888344906320008e+01
6.441935752858398700e+01 2.319500980400730494e+00
-6.733540800125093995e+01 -4.770857896592701763e+00
-5.784097105467649413e+01 1.267110997337628753e+01
-4.416658284123862188e+01 3.660865863816592025e+01
-5.313483162151272410e+01 -5.724381214271651253e+00
1.273844681700717558e+02 4.314727394839992769e+01
-6.709807991363222257e+00 7.652563951649392493e+01
-1.504455982819160909e+01 -9.718833388228243564e+01
-2.733955088701731739e+01 -3.742414975805816368e+01
3.536033524484607948e+00 -3.928829707959717155e+01
5.374341205212058981e+01 -4.014436577802764106e+01
5.270064182199067027e+00 -2.847731853270848745e+01
3.706124715953176008e+01 1.138182551882918725e+00
-6.386952294525098495e+01 8.782388921527584102e+00
6.816324908529450965e+01 -3.122535543807222425e+01
-2.889461567269387388e+01 3.391338531540262125e+01
-1.382347264261179554e+01 -6.061916890600863894e+01
4.004508760988094451e+01 4.201665975119935226e+00
-1.116515652081799637e+01 6.130836079211042033e+01
-1.733573056777820920e+00 3.646045135608134480e+00
7.416391189752849300e+01 1.990359131659317171e+01
4.754713113484813647e+01 -3.542536118920003219e+01
-4.197877032750610482e+01 -5.027477249211866450e+01
-5.869789855060267314e+01 -3.353593238436243240e+01
7.805695373907762757e+01 -2.279877924173951698e+01
2.570946183296296184e+01 -2.765186306238972591e+01
-4.166941933529255238e+01 -2.834277732577182007e+01
-4.146535659325517997e+01 -4.457497152395287543e+01
-2.198901782471883593e+01 -1.189417643884902844e+02
-6.960847002047779952e+00 2.326642404875206083e+01
-6.823748602986299261e+01 -1.628342111404187165e+01
-4.140391068573035227e+01 2.863798669805193953e+01
9.285264018353836946e+01 3.210450933086858782e+01
-4.614262878969599058e+01 4.124447842999386182e+01
4.334695254740787362e+01 1.005536419155110650e+01
6.036612713158660171e+01 -4.986527433436974022e+00
4.719969436315706446e+01 2.735029286771792911e+00
-4.442280958189695639e+01 -4.429512709988095764e+01
2.305100275846970703e+01 3.803463870087379917e+01
6.102266671659426045e+00 3.625101194387387693e+01
1.427344417924955522e+01 -5.523440341952093036e+01
-2.037941169356538040e+01 5.091159061291593702e+01
-4.836306914716006133e+01 -3.495204414427425377e+01
-5.235791082777141980e+01 -5.081408991308526879e+01
-1.654414541108114989e+01 -1.885652288378290464e+01
3.611347142177636016e+01 6.311947317835435456e+01
-1.190239918944719477e+01 1.759151844709375023e+00
-7.409689614006020975e+01 3.513323941365470660e+01
-4.514529028178023395e+01 1.513639658756692263e+01
2.339008716468261539e+01 -9.569170529616574328e+00
3.919341007943976507e+01 -1.148726365698076961e+02
4.056107339795027400e+01 5.866495046039083405e+01
-3.463188710489339428e+01 2.948091410273945812e+01
-6.494915098291900790e+01 -2.922415013514344651e+01
-8.414212533405150296e+00 -1.013356738580117344e+01
5.896016690811135419e+01 3.101622521425504431e+01
8.590081614083336703e+00 -4.395566978671030967e+01
4.511128713194653272e+01 -1.612501452888167108e+01
-4.304381366397995379e+01 -3.954830297063263345e+01
-1.740558582205048888e+00 -4.989467722673051497e+01
-3.210787500164134656e+01 -4.152387791462203381e+01
7.823527275063499076e+01 5.744411869118399494e+01
-8.041190470761056019e+01 -6.076570512505448995e+00
-4.136307100511478296e+01 8.304046237400910968e+01
-6.062267088248358249e+00 -2.818946681319781433e+01
1.020778198678327797e+01 -7.415963523545546821e+01
-1.629068962354468297e+01 3.825404660209051144e+01
-1.990786881839059674e+01 6.222837687161453601e+01
-4.084506459074295748e+01 -3.429285430706790549e+01
2.310381089221847617e+01 6.396725469708009371e+01
-6.093412459033877582e+01 -4.884284303712095721e+01
-7.348243422681439085e+01 -6.021875651056314638e+01
3.596423553803511197e+01 5.471812830904729452e+01
2.949519669268754640e+01 -7.894678867083916529e+00
2.859234723919100318e+01 -3.241687254679990104e+01
-7.457544777688605109e+01 2.061846818462159447e+00
-9.076743407120480001e+00 -6.181498722546894697e+01
6.164292917093490587e+01 4.941283083717537039e+01
-4.929517744391814205e+01 -1.820484642662968966e+01
-1.042477939630045647e+01 -9.754924641079252012e+01
5.927229259768394343e+01 3.511622987691812625e+01
-7.809866948201491255e+01 -1.273358908356652108e+01
-6.916907794547796584e+01 1.480845215942811777e+01
1.815906759251531710e+01 5.146357123508865783e+01
1.161242991707432282e+01 -2.467999503900479041e+01
2.252198686695459529e+01 -3.233350464213910413e+01
-3.515483331062714711e+01 4.069237500065953128e+01
1.222016179886261256e+01 2.584747454405603762e+01
-6.968327977193280276e+01 -1.011448465302731847e+01
-2.597776066724919275e+01 5.978755026875358425e+01
1.777236399396853983e+01 4.857254141245978474e+01
3.212276542544766755e+01 -3.651182967741158336e+01
1.444000850292653482e+01 4.689754143155111521e+00
-2.171801963758739262e+01 4.334578627524048322e+00
-5.926013785490356511e+00 -1.499341769982530614e+01
-2.213731540949068943e+01 -3.514637840033908134e+01
3.329151462476789902e+01 -7.359262664776935026e+01
4.925806098717080062e+01 3.681212895537984053e+01
6.057341140886334330e+01 -1.439885092611860706e+01
-7.517817303748576307e+01 -6.972601281842839782e+00
-4.202489527430684291e+01 8.110454592604607882e+00
-3.918024583616045220e+01 1.466962169431704943e+01
-4.822748033471940587e+00 5.158017128816254626e+01
-1.983753607166272914e+01 -8.415531430846343142e+01
1.067012937729400335e+02 4.291166952255498046e+01
-1.916996761959728568e+00 2.608935171333319047e+01
8.836210560034598416e+01 6.677379444978785727e+01
-9.162478166796640622e+00 8.718872962366557999e+01
4.961061606034733273e+01 -4.645504067075621180e+01
-4.734689555722640364e+01 3.243571051936314120e+01
3.537926747765467184e+01 -8.552891810641503056e+00
3.275258671304797531e+01 -5.208410207451272811e+00
9.402098794595119102e+00 2.243487537631436624e+01
3.834724212395428822e+01 -2.764827579290197335e+01
-1.890647944613331521e+00 2.939947501206443548e+01
-2.214840993789131929e+01 -8.245867084570246419e+00
-9.473158631441691568e+00 2.567559601909886169e+01
-6.451294215326194603e+01 1.109614825219330303e+00
6.054573520406429310e+01 7.245809245835239665e+01
-2.137601573249062525e+01 1.968551300216143574e+01
-6.952696557725219861e+01 -4.087792160377568251e+01
5.610744875929136732e+00 -5.335642544068053894e+01
-1.125038119505416461e+02 3.423564367259238139e+01
2.287092484645555501e+01 -4.240233868418732754e+01
1.055151269126672009e+00 -4.712535016619665384e+01
-1.644547115187615560e+01 -1.573271897311937018e+01
-2.817617824475381028e+01 -5.362021932262576485e+01
3.797807977647900657e+01 4.922919569555406127e+01
7.904147972890071117e+01 1.729634165992416683e+01
3.743835484896042942e+01 8.067797737747270048e+01
2.217781762669199708e+01 -3.655407063691348668e+01
-3.720157023864383916e+01 -6.022991272990105394e+00
7.784933887943356012e+01 -8.720296182870880486e+00
-5.148798178047350405e+01 2.339116961128071992e+01
3.358929862631573826e+01 -2.503801140635557587e+00
-2.906333304018691166e+01 -1.282523688469339973e+01
-5.843051535705381383e+00 4.498462295712419490e+01
-2.189867192426748321e+00 -5.213257600017470850e+00
1.543934429792045115e+01 -6.270279804725776529e+01
5.220722887615029606e+01 -9.773736195879008548e+00
2.747264520111665220e+01 -3.868866761734534521e+01
-2.158374515219447076e+01 -9.887463736666392222e+00
-5.245255031664565593e+01 -3.284731290081906963e+01
5.395120860614780867e+01 1.894019878295770809e+01
6.429173315705783409e+01 -1.162400458897923450e+01
7.862437044498248895e+01 1.091551451799103489e+01
4.707199342800312536e+01 -2.283715475558849661e+01
2.683744118569820003e+01 -4.459900509570516647e+01
5.655698262299343071e+01 8.629002637337741533e-01
-1.006240952239680020e+01 3.138920612164297808e+01
-3.369282765141490898e+01 6.196808728109819242e+01
5.374844993064985310e+00 1.047894669001254364e+01
5.226562001343996400e+01 9.078944899100394039e+00
3.411089376224387593e+01 -1.389019923147715119e+01
3.950135933441249136e+00 5.569943570935446786e+00
-3.263862086663031903e+01 1.462696292473082238e+01
-5.691479514903792669e+00 -2.376573017085436845e+01
5.581242671590337068e+01 -9.186156895105703768e+01
-2.131720278849089567e+01 5.587957107963967474e+01
-3.326888449583304919e+01 -3.119476028608331930e+01
5.723394365914099069e+01 4.989845976275409356e+01
-6.135864706907909039e+01 -1.650914134469168815e+01
5.688613520250842015e+01 3.149816226908334116e+01
4.012476953234245514e+01 -4.105067517272944499e+00
4.859717180307254125e+01 -2.646998289820454708e+00
4.114691341059975827e+01 6.528354594255596055e+01
5.976026704303833093e+00 -5.081823049110820278e+00
1.737908055308118449e+01 -4.560263044307560421e+01
-4.580205949429499412e+01 -3.008097251097616365e+01
1.704242053281899416e+01 2.814730132703615340e+01
3.682861629215665999e+01 -5.344357850818915523e+01
-5.433378284372678557e+00 -3.750586732139719004e+01
3.199946029029058892e+01 5.683559902804252317e+01
1.187616707823353934e+01 3.281068117002682527e+01
-7.936022832358200496e+00 -4.756119252972392530e+01
9.604310817595889560e+00 -2.172172003059112555e+01
5.888257754374260600e+01 6.984442387844066502e+01
-6.978592844999138833e+01 -3.472884149716883684e+01
-3.225682822193536481e+01 -1.439608989840351860e+01
-2.074774008587086627e+01 6.628029173948202235e-01
8.035553841944860665e+00 7.211181828769039726e+01
-3.687133723062448354e+01 -2.702203455881506855e+01
4.579126118575714344e+01 4.568226168529351838e+01
-3.393075332698898450e+01 -5.417261013079924226e+01
5.618323071661017565e+01 7.314535389140867494e+01
-2.847916081224680696e+01 -4.187388285594031601e+01
-4.972013361647656637e+01 2.018541792413217628e+00
6.592752769839478333e+01 4.267546108329391785e+01
-1.097504457950214807e+01 -3.559924228391626144e+01
6.574159360934959295e+01 -2.033887863069619328e+01
2.240322747834269634e+01 8.407576934458363738e+00
-5.576073340440155590e+01 3.312617770961291797e+01
-4.376576259083975629e+01 -7.052756361879251301e+01
-3.077903673336557944e+01 3.880182573509415533e+01
-5.273059982358309128e+01 -2.436463200775520477e+01
1.885172632781722868e+01 7.524748193190471568e+01
-5.972815870914411818e+01 -8.812939440413784098e+01
4.379138560447064776e+01 8.080875266230563625e+01
-2.438070592517516033e+01 -1.973569578181756867e+01
-1.774971988804708900e+01 2.366163710164402545e+01
1.078903043158219077e+01 -7.288452737980330554e+00
4.825600687806640821e+01 6.266119106707625264e+01
3.920346414725528206e+01 2.099843827877001701e+01
-3.917286557145047965e+01 4.601357692580420888e+01
-1.163598555226365860e+01 -4.132656736070880577e+00
-1.246916740700367043e+01 5.270137472384180199e+01
2.957670797767254811e+01 -1.755439300140714920e+01
-8.333300248663749699e+01 2.608713440071188572e+01
5.896352590108292446e+01 -2.676820150595250780e+01
-4.803277290113521047e+01 1.266333946713796266e+01
-5.336600512565394183e+01 -1.256049223619520383e+01
2.154327861278032330e+01 4.501110667141652044e+01
-4.079609860239751029e+00 -3.634856484046835590e+01
-7.537363976008589361e+01 1.216709511246975595e+01
6.208290330453787931e+01 3.950663559518517332e+01
1.562035449492903894e+01 -5.462467499650393243e+00
-3.407351411079367409e+01 4.471318880095770254e+01
1.227529523123237709e+01 -6.801669600645163882e+01
1.611470011363576305e+01 -6.361667348672128242e+00
-5.057217203495934399e+01 -4.657076430126952715e+01
-3.613271266135944870e+01 -4.695723369002316616e+01
4.112814425459696110e+01 -6.076020349005620602e+01
-4.367629706192457917e+01 -1.330670692907100694e+01
1.706415496509766072e+01 -5.659660625133120249e+01
5.618360563285727949e+01 4.525585141963560432e+01
-5.464303663755663365e+01 1.822058684281527974e+01
2.001127094582295740e+01 -3.281391419481163751e+01
-1.642162100538674707e+01 9.349590746789736784e+01
-3.575925153256457634e+01 -8.155971241395555182e+01
9.057696160159375154e+01 2.886950175108126970e+01
3.047983920246451817e+01 2.152640788277423667e+01
-2.560674518640047381e+01 5.286969667101454462e+01
1.485385627458765612e+01 -4.448620818944342403e+01
4.277152988291092583e+00 -3.779053569390266709e+00
-5.721348585503012885e+01 7.804404497034126109e+01
-1.124034785767476485e+01 -8.595069948164580254e+00
1.852015094694511887e+01 -5.918557839700547163e+01
-4.932741984874983387e+01 -4.015269222530293547e+01
6.356671277215977511e+01 -3.594037266612139092e+01
4.837690507971439047e+01 1.304135841988074418e+01
4.316073414177395762e+01 2.783020323760784720e+01
8.293802451290696354e+01 2.743796265035305026e+01
-3.253689784891404457e+01 -2.111148045177317467e+00
3.904583183857180018e+01 -3.486741670483680622e+01
1.103862451125556632e+01 4.910644408592465737e+01
-4.125099642839997927e+01 -6.511352931533035360e+01
-3.346584564468206224e+01 7.786502687207021722e+01
1.400388382881787575e+00 -5.515163922137658403e+01
-4.537301672428863952e+01 -5.650325940780186329e+01
-3.204740305270868106e+01 5.784641602063344834e+01
3.470314528541086219e+01 1.038019509290192488e+01
-7.642873576636386446e+00 1.318075482372159684e+02
-3.644731009568344859e+01 -3.585706287639694523e+01
-5.702698222897841873e+01 6.311242032205275798e+00
-7.581419759828097682e+00 5.246145687415079806e+01
5.942857202004903172e+01 -4.971794117297719140e+01
6.108827898954537261e+01 2.146810817863964260e+01
-3.612807095774532939e+01 9.515620428844457024e+00
1.646584831771151336e+00 3.328075434680222600e+01
-2.081415629994756600e+00 -1.778378780687297933e+00
1.748036493472290687e+01 -3.059736090220455296e+01
3.436848263777947921e+01 -2.995471769834989928e+01
-2.535703640233360900e+01 -1.170758839616660829e+00
3.401520599118888555e+01 1.095218402611448383e+01
6.848299169944559139e+01 -8.614543924325167268e+01
-3.168577043575024277e+01 -4.959727171024122327e+01
-3.901937630012307778e+01 3.488798952603355019e+01
1.115223529146863513e+01 4.178535616344941417e+01
9.115424649921330058e+00 -3.894001114684619580e+01
9.496610248923765596e+00 1.357298150153183514e+01
1.101545154316269404e+01 -5.875482892067852703e+01
-6.034736463945458240e+01 -6.623556647816922549e+00
-7.746800103316189734e+01 -2.158235585593026329e+01
-6.756922343950527932e+01 5.669481804347872966e+00
2.185069069141809095e+01 2.129459686937447138e+00
