7.568484439057932001e+00 2.233822979965616629e+00
-5.086045531579064516e+01 3.655311254302187507e+01
1.245805207874468579e+01 7.081969138679494336e+01
-3.601373245517021360e+01 6.114911060315419178e+01
6.991165247446113540e+01 -1.038750079475256314e+02
-5.763139692498646127e+01 2.219540293012207233e+00
3.783886451608798751e+01 3.909478034446824068e+01
-7.232165923054695078e+00 -1.558753876020560654e+02
1.717892992690782137e+02 2.444358815015284847e+02
-2.172488945255993826e+02 5.231411794487888756e+02
-4.181618874149428677e+01 1.073118229901218257e+02
5.250330191097838384e-01 -3.189748036934452102e+01
-6.287564898398885589e+02 -1.758363670403729486e+02
-1.269353460295857445e+02 5.991455533594900373e+01
6.535671571015080872e+01 3.123583514423261676e+01
3.742637864366212739e+02 3.350750986445714261e+02
-6.940713945132438312e+01 1.655870917438128629e+02
1.025257409657730534e+01 2.954825285454857209e+01
4.138163413317329287e+01 -1.079625318380745114e+02
3.537799323789623251e+00 -1.013085926919002162e+02
-1.729281140857926857e+01 -7.729260603227923809e+01
1.949399221644594604e+02 5.461260949150297961e+01
2.213434087015080820e+02 2.728566833764199941e+02
-1.312600012663753262e+02 4.399340820392897626e+02
-1.231358582540516693e+02 -1.764484560658216026e+02
-6.004688908595204566e+01 -9.433448108371266017e+01
-2.161428994272333171e+01 -4.595007058202125449e+01
-2.658438413089551133e+01 8.106398221840058227e+01
-2.667539733053149575e+01 1.889273766923387825e+02
8.371737177248861883e+01 -1.672961235497809795e+01
1.449195633016151703e+02 2.387816820648279759e+01
3.653923422731549664e+01 1.265384741117205181e+01
-1.578148577212048167e+02 -1.001573865334474078e+02
-1.421646659598940516e+02 1.991002339668738941e+01
-4.308966211307500771e+01 -1.352560019839282575e+02
-1.458445313971146717e+01 1.036807436912423519e+01
6.262093003933649094e+00 -6.093816687907073515e+01
-1.779824943874274013e+01 3.709030027229166393e+01
-7.724937395605050483e+01 2.637857234642219240e+01
6.013774670404537801e+02 3.522362412584421349e+02
-7.282206763670350824e+01 -2.256392391634678418e+01
9.052962969052661890e+01 1.745744757676861525e+01
6.811328792991524494e+01 -5.462172760659944259e+01
-1.443790349371203661e+02 -4.052802199839209152e+01
5.763065253708645486e+01 9.387319593308333765e+01
7.025897431164875684e+01 5.284527546826742395e+01
2.411668060914551148e+01 8.898309590595924590e+01
-7.527148994036859619e+01 -4.875077218784148414e+01
-1.182071836665908506e+02 -1.003118063052061046e+02
-8.549834724991393387e+01 -7.114647569065387245e+01
4.670421145921404360e+01 1.393633986545862342e+02
-3.816078845213885984e+01 1.136361165390821348e+01
-3.785933451445279729e+02 -1.066246614740691179e+01
8.372257334184341460e+01 -7.479912400869811506e+01
-3.537338850578895943e+01 -1.982252717721289770e+01
-9.343678005516869689e+01 -1.980929866282497231e+00
1.039409432117673227e+01 -2.650969136913032003e+02
-8.320568952185944056e+01 -1.116722900723917178e+02
1.992957418833236432e+02 6.439824245307950150e+02
-6.102840219402909128e+01 -3.888209213858639828e+02
3.082133047136630921e+01 -4.873733862544314377e+01
1.258338832747649292e+02 -2.690823129030368577e+01
-4.356713719628525183e+01 -2.735100584710678504e+02
1.416112487167073368e+02 -3.703602491501359282e+02
-1.054190039935697598e+01 -1.020844643425249210e+01
1.158269699471927652e+02 -6.237478248565956562e+01
-2.195503093117675064e+02 -2.930408669326184850e+02
1.196683793233216022e+02 -1.149487244434931332e+00
4.091349240769505968e+02 7.907598404552688010e+01
-1.952712238031453751e+02 2.303189057340573243e+02
5.089337265977076896e+01 -7.377147651739134915e+01
1.012841170410939462e+01 1.160593243904590679e+02
2.525437082671055578e+01 -2.147563004308256751e+01
-1.669121667480918916e+02 -2.576583849687813199e+02
1.494884702508831253e+02 -5.792014053292911768e+01
4.242073959866650767e+01 6.385717223210222215e+01
2.384609295140501573e+01 -8.061792766119566522e+01
-2.576437445559448847e+01 -1.060841855137788770e+02
-1.151662033834746666e+02 -1.847453319393391524e+01
2.246284698873486363e+01 -6.128804617900227640e+02
2.004595631403264377e+01 -1.301164562169702776e+02
5.566377324196278664e+01 -1.514867523656812409e+02
5.469532792138071642e+01 -3.352727205979101655e+01
-6.535221421388236251e+01 7.103327411344997699e+01
-9.191466041537775311e+01 6.054850738155654710e+01
8.006599882895636711e+01 -1.747996861187755826e+02
-2.226051634193639188e+02 -3.658975075141692628e+02
9.476540597924972076e+01 -4.087401544678275656e+01
-5.185694111335793366e+01 -4.066989647420874121e+01
-1.429682796633063333e+02 3.555135804929591359e+02
-4.524757335610777886e+01 -6.756443158975714880e+01
8.513263552805855738e+01 7.685855438631357117e+01
6.150564971609509968e+01 3.089598684993780466e+02
4.963522381447398146e+01 -9.378721133747301764e+00
1.045942596965054037e+02 -9.704607065359063256e+01
-1.065733866425778587e+02 2.742661558691235513e+01
-2.776693238919226037e+00 5.680565375645410597e+01
1.253807716846685452e+02 6.159401208173082409e+01
1.026778635842578211e+02 4.123126082052796448e+01
7.191587630991163849e+01 7.697716976671754807e+00
